=~=~=~=~=~=~=~=~=~=~=~= PuTTY log 2024.09.21 22:08:58 =~=~=~=~=~=~=~=~=~=~=~=
Degrees Distance [cm]
0      49.824776
2      21.583677
4      140.632523
6      124.427032
8      106.484352
10      130.969421
12      131.526276
14      121.504128
16      101.226563
18      124.686104
20      140.345505
22      140.290680
24      132.432495
26      133.079636
28      124.399078
30      111.199265
32      121.271935
34      96.027908
36      98.288612
38      122.322197
40      140.225098
42      140.157379
44      140.289597
46      141.867691
48      140.303574
50      143.129730
52      133.063507
54      140.634674
56      166.875214
58      138.035355
60      124.413055
62      78.527046
64      72.309296
66      80.384636
68      100.668648
70      140.372375
72      209.132050
74      205.093307
76      188.281525
78      312.620392
80      171.113907
82      147.377029
84      219.650848
86      140.416458
88      107.823792
90      75.149422
92      36.507782
94      54.946037
96      27.890652
98      27.893877
100      31.025328
102      27.813253
104      22.350147
106      21.162281
108      21.103157
110      21.112831
112      20.239939
114      20.235638
116      21.066607
118      20.647360
120      21.431028
122      21.431028
124      27.609005
126      27.681028
128      21.056932
130      21.592278
132      20.684984
134      20.275414
136      20.331312
138      20.328087
140      20.387213
142      20.512985
144      20.526960
146      21.303104
148      21.328905
150      22.159872
152      28.144350
154      36.173462
156      49.759201
158      50.205322
160      53.091675
162      49.800053
164      48.914261
166      48.708935
168      58.616058
170      50.821293
172      48.715385
174      46.891125
176      47.771542
178      47.291023
180      46.795452
Degrees Distance [cm]
0       49.320606
2       21.153681
4       123.168213
6       84.653427
8       110.899338
10       116.080795
12       112.507523
14       101.067467
16       139.990753
18       132.047638
20       109.348129
22       98.960487
24       98.579941
26       101.216888
28       117.123543
30       140.626083
32       136.923813
34       134.200851
36       146.876083
38       152.756287
40       134.120224
42       140.703476
44       132.787247
46       134.135284
48       85.737015
50       59.136353
52       64.499481
54       77.836906
56       140.523956
58       303.220673
60       140.181030
62       128.514145
64       107.050873
66       92.155792
68       134.234177
70       137.725754
72       140.265961
74       139.647827
76       101.270638
78       76.350189
80       88.711517
82       108.957901
84       94.114426
86       110.368294
88       115.738953
90       77.596107
92       84.244926
94       73.634758
96       27.890652
98       27.843353
100       30.251333
102       31.028553
104       21.568628
106       21.152605
108       20.675310
110       20.671009
112       21.052631
114       21.054781
116       21.063381
118       21.068756
120       21.442854
122       22.730694
124       27.611155
126       27.659529
128       27.659529
130       21.580452
132       20.732285
134       20.717234
136       20.315187
138       20.362488
140       20.361412
142       20.817209
144       20.862358
146       20.912884
148       21.382654
150       21.782551
152       27.616529
154       36.175610
156       50.683697
158       50.624569
160       50.275200
162       49.828003
164       48.981983
166       50.627796
168       51.079292
170       49.893578
172       49.528080
174       47.352295
176       48.121990
178       48.099415
180       47.212547
